[mapa - copia.jpg]
filters=Invert=1;
moddate=1c8d0e07d528cf01
width=1200
height=800
textactive=0
[mapa3.jpg]
filters=Lomo=1,63.742691,0.000000;radsat=1,0.500000,0.500000,1.000000,0.000000;
moddate=31872d8f4f32cf01
width=1200
height=800
textactive=0
